131 408
115 233
115 117
107 139
107 140
107 205
107 178
108 138
108 139
108 137
109 111
109 138
109 160
111 304
111 109
112 113
112 304
113 112
113 135
113 234
113 304
114 213
114 215
114 173
114 233
116 214
116 150
117 154
117 219
117 115
117 221
118 140
118 119
118 155
118 307
119 118
119 126
119 196
119 181
120 230
120 142
120 306
121 230
121 158
121 141
122 159
122 169
122 308
124 123
124 166
124 202
125 167
125 183
125 182
125 195
126 182
126 127
126 119
127 126
127 128
127 149
128 127
128 129
128 145
129 128
129 193
129 146
130 192
130 217
130 180
131 217
131 132
131 150
132 131
132 164
132 229
133 164
133 172
133 163
134 231
134 235
134 162
134 174
135 113
135 153
135 310
137 108
137 213
137 311
137 211
138 109
138 108
138 206
138 311
140 107
140 118
140 157
140 179
141 121
141 205
141 177
141 208
142 120
142 160
142 207
142 210
145 189
145 147
145 149
145 128
146 148
146 129
146 190
146 189
147 188
147 186
147 145
147 194
148 185
148 146
148 218
148 188
149 145
149 194
149 127
149 181
150 116
150 131
150 151
151 229
151 150
151 227
151 222
152 215
152 174
152 227
153 135
153 232
154 155
154 117
154 186
155 118
155 154
155 226
156 195
156 196
156 198
156 182
157 205
157 204
157 177
157 140
158 121
158 159
158 177
159 158
159 122
159 203
160 109
160 142
160 209
160 206
162 134
162 163
162 228
163 162
163 133
163 235
164 132
164 133
164 229
165 166
165 167
166 124
166 165
167 165
167 125
167 301
168 123
168 195
168 183
168 199
169 122
169 200
170 171
170 216
171 172
171 170
171 236
172 133
172 171
172 236
172 235
173 310
173 114
173 224
174 152
174 134
174 224
177 203
177 141
177 158
177 157
178 107
178 214
178 211
178 179
179 178
179 226
179 140
180 219
180 130
180 217
181 119
181 149
181 194
182 125
182 126
182 156
183 125
183 202
183 168
185 221
185 148
185 187
186 187
186 154
186 147
187 188
187 185
187 186
188 189
188 187
188 148
188 147
189 146
189 145
189 188
190 191
190 218
190 146
191 192
191 190
192 193
192 130
192 191
193 129
193 192
194 149
194 147
194 181
195 168
195 156
195 125
195 197
196 156
196 119
196 198
197 195
197 199
197 198
198 156
198 197
198 196
199 168
199 200
199 197
200 169
200 123
200 199
202 183
202 124
202 301
203 308
203 177
203 204
203 159
204 157
204 307
204 203
205 141
205 107
205 175
205 157
206 160
206 175
206 207
206 138
207 208
207 142
207 206
209 305
209 160
209 210
210 142
210 306
210 209
210 305
211 137
211 178
211 139
211 212
212 213
212 214
212 211
213 137
213 114
213 212
214 178
214 116
214 212
215 114
215 152
215 317
216 170
217 130
217 131
217 180
218 190
218 148
219 117
219 180
219 221
221 117
221 185
221 219
222 151
222 315
222 317
224 174
224 173
224 225
225 310
225 224
226 179
226 155
227 228
227 152
227 151
227 315
228 162
228 227
229 132
229 151
229 164
230 120
230 121
231 232
231 134
232 153
232 231
233 114
233 115
235 134
235 172
235 163
123 200
123 124
123 168
236 172
236 171
139 108
139 107
139 175
139 211
175 206
175 205
175 208
175 139
208 141
208 207
208 175
234 113
234 309
301 167
301 202
304 111
304 112
304 305
304 113
305 306
305 304
305 209
305 210
306 120
306 305
306 210
307 118
307 308
307 204
308 307
308 122
308 203
309 234
309 310
309 311
310 135
310 173
310 225
310 309
311 138
311 137
311 309
315 222
315 227
315 317
317 222
317 215
317 315